Year,count
0,131
5,1
77,1
1000,1
1500,1
1518,1
1543,1
1554,1
1555,1
1580,1
1595,1
1617,1
1637,1
1638,1
1640,1
1642,2
1691,1
1700,3
1703,1
1721,1
1723,1
1733,1
1738,1
1742,1
1748,1
1749,1
1751,1
1753,1
1755,1
1758,1
1764,1
1767,1
1771,1
1776,2
1779,1
1780,1
1783,1
1784,1
1785,1
1786,1
1787,1
1788,1
1791,1
1792,1
1797,1
1800,1
1801,1
1802,1
1803,2
1804,1
1805,1
1807,1
1808,3
1810,1
1811,1
1812,1
1815,1
1816,1
1817,4
1818,1
1819,1
1822,1
1823,1
1825,2
1826,5
1827,3
1828,2
1829,3
1830,4
1831,2
1832,2
1834,1
1835,2
1836,2
1837,4
1839,4
1840,5
1841,1
1842,4
1844,4
1845,6
1846,3
1847,9
1848,4
1849,7
1850,2
1851,3
1852,10
1853,8
1855,7
1856,4
1857,1
1858,6
1859,1
1860,7
1861,5
1862,12
1863,11
1864,14
1865,4
1866,2
1867,5
1868,6
1869,2
1870,8
1871,9
1872,8
1873,4
1874,12
1875,5
1876,9
1877,14
1878,13
1879,8
1880,15
1881,9
1882,12
1883,13
1884,7
1885,9
1886,16
1887,13
1888,15
1889,9
1890,17
1891,9
1892,11
1893,13
1894,15
1895,20
1896,12
1897,11
1898,22
1899,20
1900,13
1901,9
1902,15
1903,10
1904,14
1905,18
1906,21
1907,23
1908,13
1909,18
1910,14
1911,16
1912,14
1913,18
1914,18
1915,12
1916,25
1917,12
1918,5
1919,14
1920,15
1921,12
1922,22
1923,21
1924,19
1925,14
1926,21
1927,19
1928,26
1929,38
1930,26
1931,29
1932,27
1933,22
1934,28
1935,32
1936,32
1937,30
1938,24
1939,25
1940,24
1941,27
1942,41
1943,28
1944,31
1945,16
1946,26
1947,30
1948,29
1949,31
1950,43
1951,32
1952,29
1953,36
1954,45
1955,43
1956,51
1957,41
1958,54
1959,93
1960,93
1961,78
1962,86
1963,61
1964,66
1965,51
1966,58
1967,48
1968,47
1969,30
1970,42
1971,30
1972,36
1973,27
1974,39
1975,49
1976,39
1977,26
1978,26
1979,25
1980,36
1981,49
1982,42
1983,50
1984,41
1985,37
1986,39
1987,35
1988,56
1989,53
1990,39
1991,39
1992,56
1993,56
1994,57
1995,76
1996,61
1997,57
1998,65
1999,66
2000,97
2001,92
2002,88
2003,92
2004,92
2005,103
2006,103
2007,113
2008,122
2009,120
2010,101
2011,128
2012,117
2013,122
2014,126
2015,143
2016,131
2017,140
2018,124
2019,114
2020,101
2021,109
2022,98
2023,109
2024,49
2025,6
2026,1
